1.704 0.843
0.552 0.056
1.432 0.285
1.298 0.131
1.106 0.654
0.516 -0.094
1.243 1.266
1.642 0.978
0.103 0.389
-0.584 0.444
0.32 0.894
0.213 0.799
0.52 -0.087
1.745 1.683
1.211 -1.558
-1.193 1.849
-0.561 0.471
0.365 0.84
1.847 0.556
0.737 0.316
0.819 -0.823
0.513 0.957
1.703 0.584
-0.528 -0.535
1.314 0.751
-0.027 1.788
-0.462 1.596
1.044 0.971
2.034 -0.001
-0.809 1.192
0.783 1.045
-0.203 1.791
0.067 0.687
-0.556 0.959
1.047 1.426
0.578 1.442
-0.984 -0.462
0.654 0.737
1.915 -1.456
2.018 0.781
-0.4 0.185
-0.331 1.558
0.076 -0.492
1.847 0.698
1.824 1.902
1.488 -1.948
-0.908 0.491
2.067 -0.345
1.425 0.154
1.142 0.641
