0.625 1
1.4 1
-0.635 1
1.799 1
2.539 1
1.714 1
-1.795 1
-3.574 1
2.476 1
2.789 1
-0.672 1
-2.171 1
-0.718 1
0.156 1
-2.301 1
-0.197 1
1.704 1
2.337 1
0.208 1
-0.346 1
1.198 1
0.418 1
1.211 1
1.775 1
0.359 1
0.54 1
-0.145 1
-1.795 1
0.054 1
0.737 1
-3.798 1
-2.084 1
0.43 1
1.365 1
-0.97 1
-2.209 1
1.797 1
-1.048 1
2.054 1
-0.492 1
-0.024 1
1.433 1
0.277 1
-0.28 1
0.31 1
0.738 1
-4.475 1
2.987 1
-2.329 1
0.807 1
2.751 2
1.184 2
3.777 2
-2.817 2
0.493 2
1.008 2
2.145 2
-0.978 2
6.169 2
-0.636 2
-1.242 2
1.824 2
5.771 2
-2.3 2
1.223 2
7.037 2
2.181 2
-4.708 2
-4.882 2
5.47 2
2.803 2
10.459 2
2.789 2
-0.825 2
-2.527 2
6.778 2
2.034 2
2.487 2
3.554 2
0.802 2
-1.941 2
-3.881 2
-0.507 2
7.336 2
-1.418 2
4.222 2
4.488 2
-2.189 2
-2.745 2
4.38 2
-1.152 2
3.572 2
-0.212 2
7.942 2
1.912 2
2.866 2
3.574 2
1.342 2
2.017 2
-3.549 2
